      x         r        z        B_phi      B_r     B_z
     0.00      0.00    -79.00      0.00      0.00  46884.00
     0.00      0.00    -78.50      0.00      0.00  46859.00
     0.00      0.00    -78.00      0.00      0.00  46784.00
     0.00      0.00    -77.50      0.00      0.00  46660.00
     0.00      0.00    -77.00      0.00      0.00  46486.00
     0.00      0.00    -76.50      0.00      0.00  46263.00
     0.00      0.00    -76.00      0.00      0.00  45993.00
     0.00      0.00    -75.50      0.00      0.00  45676.00
     0.00      0.00    -75.00      0.00      0.00  45314.00
     0.00      0.00    -74.50      0.00      0.00  44909.00
     0.00      0.00    -74.00      0.00      0.00  44461.00
     0.00      0.00    -73.50      0.00      0.00  43972.00
     0.00      0.00    -73.00      0.00      0.00  43445.00
     0.00      0.00    -72.50      0.00      0.00  42882.00
     0.00      0.00    -72.00      0.00      0.00  42284.00
     0.00      0.00    -71.50      0.00      0.00  41654.00
     0.00      0.00    -71.00      0.00      0.00  40995.00
     0.00      0.00    -70.50      0.00      0.00  40309.00
     0.00      0.00    -70.00      0.00      0.00  39598.00
     0.00      0.00    -69.50      0.00      0.00  38864.00
     0.00      0.00    -69.00      0.00      0.00  38111.00
     0.00      0.50    -79.00      0.00      0.00  46897.00
     0.00      0.50    -78.50      0.00     25.06  46872.00
     0.00      0.50    -78.00      0.00     50.02  46797.00
     0.00      0.50    -77.50      0.00     74.78  46672.00
     0.00      0.50    -77.00      0.00     99.23  46498.00
     0.00      0.50    -76.50      0.00    123.30  46275.00
     0.00      0.50    -76.00      0.00    146.86  46005.00
     0.00      0.50    -75.50      0.00    169.84  45688.00
     0.00      0.50    -75.00      0.00    192.14  45325.00
     0.00      0.50    -74.50      0.00    213.68  44919.00
     0.00      0.50    -74.00      0.00    234.37  44471.00
     0.00      0.50    -73.50      0.00    254.13  43982.00
     0.00      0.50    -73.00      0.00    272.90  43454.00
     0.00      0.50    -72.50      0.00    290.60  42890.00
     0.00      0.50    -72.00      0.00    307.19  42292.00
     0.00      0.50    -71.50      0.00    322.61  41662.00
     0.00      0.50    -71.00      0.00    336.81  41002.00
     0.00      0.50    -70.50      0.00    349.78  40315.00
     0.00      0.50    -70.00      0.00    361.48  39603.00
     0.00      0.50    -69.50      0.00    371.91  38869.00
     0.00      0.50    -69.00      0.00    381.05  38116.00
     0.00      1.00    -79.00      0.00      0.00  46935.00
     0.00      1.00    -78.50      0.00     50.19  46909.00
     0.00      1.00    -78.00      0.00    100.19  46834.00
     0.00      1.00    -77.50      0.00    149.78  46709.00
     0.00      1.00    -77.00      0.00    198.77  46534.00
     0.00      1.00    -76.50      0.00    246.96  46311.00
     0.00      1.00    -76.00      0.00    294.17  46040.00
     0.00      1.00    -75.50      0.00    340.19  45722.00
     0.00      1.00    -75.00      0.00    384.86  45358.00
     0.00      1.00    -74.50      0.00    428.00  44951.00
     0.00      1.00    -74.00      0.00    469.43  44501.00
     0.00      1.00    -73.50      0.00    509.01  44011.00
     0.00      1.00    -73.00      0.00    546.59  43482.00
     0.00      1.00    -72.50      0.00    582.05  42916.00
     0.00      1.00    -72.00      0.00    615.26  42316.00
     0.00      1.00    -71.50      0.00    646.12  41684.00
     0.00      1.00    -71.00      0.00    674.56  41022.00
     0.00      1.00    -70.50      0.00    700.51  40333.00
     0.00      1.00    -70.00      0.00    723.92  39620.00
     0.00      1.00    -69.50      0.00    744.77  38884.00
     0.00      1.00    -69.00      0.00    763.06  38128.00
     0.00      1.50    -79.00      0.00      0.00  46997.00
     0.00      1.50    -78.50      0.00     75.48  46972.00
     0.00      1.50    -78.00      0.00    150.66  46896.00
     0.00      1.50    -77.50      0.00    225.23  46771.00
     0.00      1.50    -77.00      0.00    298.90  46595.00
     0.00      1.50    -76.50      0.00    371.37  46370.00
     0.00      1.50    -76.00      0.00    442.35  46098.00
     0.00      1.50    -75.50      0.00    511.57  45778.00
     0.00      1.50    -75.00      0.00    578.73  45413.00
     0.00      1.50    -74.50      0.00    643.59  45004.00
     0.00      1.50    -74.00      0.00    705.89  44552.00
     0.00      1.50    -73.50      0.00    765.39  44059.00
     0.00      1.50    -73.00      0.00    821.89  43528.00
     0.00      1.50    -72.50      0.00    875.18  42959.00
     0.00      1.50    -72.00      0.00    925.08  42356.00
     0.00      1.50    -71.50      0.00    971.46  41721.00
     0.00      1.50    -71.00      0.00   1014.20  41056.00
     0.00      1.50    -70.50      0.00   1053.10  40364.00
     0.00      1.50    -70.00      0.00   1088.30  39647.00
     0.00      1.50    -69.50      0.00   1119.60  38908.00
     0.00      1.50    -69.00      0.00   1147.00  38150.00
     0.00      2.00    -79.00      0.00      0.00  47086.00
     0.00      2.00    -78.50      0.00    100.99  47060.00
     0.00      2.00    -78.00      0.00    201.58  46984.00
     0.00      2.00    -77.50      0.00    301.36  46857.00
     0.00      2.00    -77.00      0.00    399.93  46680.00
     0.00      2.00    -76.50      0.00    496.90  46454.00
     0.00      2.00    -76.00      0.00    591.87  46180.00
     0.00      2.00    -75.50      0.00    684.47  45858.00
     0.00      2.00    -75.00      0.00    774.34  45490.00
     0.00      2.00    -74.50      0.00    861.11  45078.00
     0.00      2.00    -74.00      0.00    944.44  44623.00
     0.00      2.00    -73.50      0.00   1024.00  44127.00
     0.00      2.00    -73.00      0.00   1099.60  43592.00
     0.00      2.00    -72.50      0.00   1170.80  43019.00
     0.00      2.00    -72.00      0.00   1237.60  42413.00
     0.00      2.00    -71.50      0.00   1299.50  41773.00
     0.00      2.00    -71.00      0.00   1356.60  41104.00
     0.00      2.00    -70.50      0.00   1408.60  40407.00
     0.00      2.00    -70.00      0.00   1455.50  39686.00
     0.00      2.00    -69.50      0.00   1497.30  38943.00
     0.00      2.00    -69.00      0.00   1533.80  38179.00
     0.00      2.50    -79.00      0.00      0.00  47200.00
     0.00      2.50    -78.50      0.00    126.81  47174.00
     0.00      2.50    -78.00      0.00    253.11  47097.00
     0.00      2.50    -77.50      0.00    378.40  46969.00
     0.00      2.50    -77.00      0.00    502.17  46791.00
     0.00      2.50    -76.50      0.00    623.92  46563.00
     0.00      2.50    -76.00      0.00    743.17  46286.00
     0.00      2.50    -75.50      0.00    859.44  45961.00
     0.00      2.50    -75.00      0.00    972.27  45590.00
     0.00      2.50    -74.50      0.00   1081.20  45174.00
     0.00      2.50    -74.00      0.00   1185.80  44715.00
     0.00      2.50    -73.50      0.00   1285.70  44214.00
     0.00      2.50    -73.00      0.00   1380.50  43674.00
     0.00      2.50    -72.50      0.00   1469.90  43097.00
     0.00      2.50    -72.00      0.00   1553.60  42485.00
     0.00      2.50    -71.50      0.00   1631.30  41840.00
     0.00      2.50    -71.00      0.00   1702.80  41166.00
     0.00      2.50    -70.50      0.00   1768.00  40463.00
     0.00      2.50    -70.00      0.00   1826.70  39736.00
     0.00      2.50    -69.50      0.00   1878.90  38987.00
     0.00      2.50    -69.00      0.00   1924.50  38218.00
     0.00      3.00    -79.00      0.00      0.00  47340.00
     0.00      3.00    -78.50      0.00    153.01  47314.00
     0.00      3.00    -78.00      0.00    305.41  47236.00
     0.00      3.00    -77.50      0.00    456.58  47107.00
     0.00      3.00    -77.00      0.00    605.92  46926.00
     0.00      3.00    -76.50      0.00    752.83  46696.00
     0.00      3.00    -76.00      0.00    896.71  46416.00
     0.00      3.00    -75.50      0.00   1037.00  46088.00
     0.00      3.00    -75.00      0.00   1173.10  45712.00
     0.00      3.00    -74.50      0.00   1304.50  45292.00
     0.00      3.00    -74.00      0.00   1430.70  44828.00
     0.00      3.00    -73.50      0.00   1551.20  44322.00
     0.00      3.00    -73.00      0.00   1665.60  43776.00
     0.00      3.00    -72.50      0.00   1773.30  43193.00
     0.00      3.00    -72.00      0.00   1874.20  42574.00
     0.00      3.00    -71.50      0.00   1967.70  41923.00
     0.00      3.00    -71.00      0.00   2053.80  41241.00
     0.00      3.00    -70.50      0.00   2132.20  40531.00
     0.00      3.00    -70.00      0.00   2202.80  39797.00
     0.00      3.00    -69.50      0.00   2265.40  39040.00
     0.00      3.00    -69.00      0.00   2320.10  38264.00
     0.00      3.50    -79.00      0.00      0.00  47506.00
     0.00      3.50    -78.50      0.00    179.67  47480.00
     0.00      3.50    -78.00      0.00    358.62  47401.00
     0.00      3.50    -77.50      0.00    536.13  47270.00
     0.00      3.50    -77.00      0.00    711.50  47087.00
     0.00      3.50    -76.50      0.00    884.01  46854.00
     0.00      3.50    -76.00      0.00   1053.00  46570.00
     0.00      3.50    -75.50      0.00   1217.70  46238.00
     0.00      3.50    -75.00      0.00   1377.50  45858.00
     0.00      3.50    -74.50      0.00   1531.80  45432.00
     0.00      3.50    -74.00      0.00   1680.00  44962.00
     0.00      3.50    -73.50      0.00   1821.40  44449.00
     0.00      3.50    -73.00      0.00   1955.50  43897.00
     0.00      3.50    -72.50      0.00   2081.90  43306.00
     0.00      3.50    -72.00      0.00   2200.20  42680.00
     0.00      3.50    -71.50      0.00   2309.80  42020.00
     0.00      3.50    -71.00      0.00   2410.60  41330.00
     0.00      3.50    -70.50      0.00   2502.40  40612.00
     0.00      3.50    -70.00      0.00   2584.80  39869.00
     0.00      3.50    -69.50      0.00   2657.90  39104.00
     0.00      3.50    -69.00      0.00   2721.70  38319.00
     0.00      4.00    -79.00      0.00      0.00  47699.00
     0.00      4.00    -78.50      0.00    206.87  47673.00
     0.00      4.00    -78.00      0.00    412.91  47593.00
     0.00      4.00    -77.50      0.00    617.30  47460.00
     0.00      4.00    -77.00      0.00    819.22  47275.00
     0.00      4.00    -76.50      0.00   1017.90  47038.00
     0.00      4.00    -76.00      0.00   1212.40  46750.00
     0.00      4.00    -75.50      0.00   1402.10  46412.00
     0.00      4.00    -75.00      0.00   1586.10  46027.00
     0.00      4.00    -74.50      0.00   1763.70  45595.00
     0.00      4.00    -74.00      0.00   1934.20  45118.00
     0.00      4.00    -73.50      0.00   2097.00  44598.00
     0.00      4.00    -73.00      0.00   2251.30  44037.00
     0.00      4.00    -72.50      0.00   2396.70  43438.00
     0.00      4.00    -72.00      0.00   2532.60  42802.00
     0.00      4.00    -71.50      0.00   2658.60  42133.00
     0.00      4.00    -71.00      0.00   2774.30  41433.00
     0.00      4.00    -70.50      0.00   2879.50  40706.00
     0.00      4.00    -70.00      0.00   2973.90  39953.00
     0.00      4.00    -69.50      0.00   3057.50  39177.00
     0.00      4.00    -69.00      0.00   3130.20  38382.00
     0.00      4.50    -79.00      0.00      0.00  47920.00
     0.00      4.50    -78.50      0.00    234.69  47893.00
     0.00      4.50    -78.00      0.00    468.45  47812.00
     0.00      4.50    -77.50      0.00    700.34  47677.00
     0.00      4.50    -77.00      0.00    929.42  47488.00
     0.00      4.50    -76.50      0.00   1154.80  47247.00
     0.00      4.50    -76.00      0.00   1375.50  46955.00
     0.00      4.50    -75.50      0.00   1590.70  46612.00
     0.00      4.50    -75.00      0.00   1799.50  46220.00
     0.00      4.50    -74.50      0.00   2001.00  45781.00
     0.00      4.50    -74.00      0.00   2194.40  45296.00
     0.00      4.50    -73.50      0.00   2379.00  44767.00
     0.00      4.50    -73.00      0.00   2553.90  44197.00
     0.00      4.50    -72.50      0.00   2718.70  43588.00
     0.00      4.50    -72.00      0.00   2872.60  42942.00
     0.00      4.50    -71.50      0.00   3015.10  42262.00
     0.00      4.50    -71.00      0.00   3146.00  41551.00
     0.00      4.50    -70.50      0.00   3264.70  40812.00
     0.00      4.50    -70.00      0.00   3371.20  40047.00
     0.00      4.50    -69.50      0.00   3465.30  39260.00
     0.00      4.50    -69.00      0.00   3547.00  38454.00
     0.00      5.00    -79.00      0.00      0.00  48169.00
     0.00      5.00    -78.50      0.00    263.22  48142.00
     0.00      5.00    -78.00      0.00    525.39  48059.00
     0.00      5.00    -77.50      0.00    785.48  47921.00
     0.00      5.00    -77.00      0.00   1042.40  47730.00
     0.00      5.00    -76.50      0.00   1295.20  47484.00
     0.00      5.00    -76.00      0.00   1542.80  47186.00
     0.00      5.00    -75.50      0.00   1784.20  46837.00
     0.00      5.00    -75.00      0.00   2018.40  46438.00
     0.00      5.00    -74.50      0.00   2244.40  45990.00
     0.00      5.00    -74.00      0.00   2461.30  45496.00
     0.00      5.00    -73.50      0.00   2668.20  44958.00
     0.00      5.00    -73.00      0.00   2864.30  44377.00
     0.00      5.00    -72.50      0.00   3048.80  43757.00
     0.00      5.00    -72.00      0.00   3221.10  43099.00
     0.00      5.00    -71.50      0.00   3380.60  42407.00
     0.00      5.00    -71.00      0.00   3526.70  41683.00
     0.00      5.00    -70.50      0.00   3659.30  40931.00
     0.00      5.00    -70.00      0.00   3777.90  40153.00
     0.00      5.00    -69.50      0.00   3882.50  39353.00
     0.00      5.00    -69.00      0.00   3973.00  38533.00
     0.00      5.50    -79.00      0.00      0.00  48447.00
     0.00      5.50    -78.50      0.00    292.53  48419.00
     0.00      5.50    -78.00      0.00    583.91  48335.00
     0.00      5.50    -77.50      0.00    872.98  48194.00
     0.00      5.50    -77.00      0.00   1158.60  47999.00
     0.00      5.50    -76.50      0.00   1439.60  47748.00
     0.00      5.50    -76.00      0.00   1714.80  47444.00
     0.00      5.50    -75.50      0.00   1983.10  47088.00
     0.00      5.50    -75.00      0.00   2243.40  46681.00
     0.00      5.50    -74.50      0.00   2494.60  46224.00
     0.00      5.50    -74.00      0.00   2735.70  45720.00
     0.00      5.50    -73.50      0.00   2965.60  45170.00
     0.00      5.50    -73.00      0.00   3183.40  44578.00
     0.00      5.50    -72.50      0.00   3388.20  43945.00
     0.00      5.50    -72.00      0.00   3579.30  43274.00
     0.00      5.50    -71.50      0.00   3756.10  42568.00
     0.00      5.50    -71.00      0.00   3917.90  41830.00
     0.00      5.50    -70.50      0.00   4064.40  41063.00
     0.00      5.50    -70.00      0.00   4195.20  40271.00
     0.00      5.50    -69.50      0.00   4310.30  39455.00
     0.00      5.50    -69.00      0.00   4409.70  38621.00
     0.00      6.00    -79.00      0.00      0.00  48755.00
     0.00      6.00    -78.50      0.00    322.72  48726.00
     0.00      6.00    -78.00      0.00    644.17  48640.00
     0.00      6.00    -77.50      0.00    963.09  48497.00
     0.00      6.00    -77.00      0.00   1278.20  48297.00
     0.00      6.00    -76.50      0.00   1588.30  48041.00
     0.00      6.00    -76.00      0.00   1892.00  47730.00
     0.00      6.00    -75.50      0.00   2188.10  47366.00
     0.00      6.00    -75.00      0.00   2475.30  46950.00
     0.00      6.00    -74.50      0.00   2752.60  46483.00
     0.00      6.00    -74.00      0.00   3018.50  45968.00
     0.00      6.00    -73.50      0.00   3272.10  45406.00
     0.00      6.00    -73.00      0.00   3512.30  44800.00
     0.00      6.00    -72.50      0.00   3738.00  44153.00
     0.00      6.00    -72.00      0.00   3948.50  43467.00
     0.00      6.00    -71.50      0.00   4142.90  42746.00
     0.00      6.00    -71.00      0.00   4320.70  41992.00
     0.00      6.00    -70.50      0.00   4481.40  41208.00
     0.00      6.00    -70.00      0.00   4624.60  40399.00
     0.00      6.00    -69.50      0.00   4750.20  39567.00
     0.00      6.00    -69.00      0.00   4858.20  38716.00
     0.00      6.50    -79.00      0.00      0.00  49094.00
     0.00      6.50    -78.50      0.00    353.86  49064.00
     0.00      6.50    -78.00      0.00    706.34  48976.00
     0.00      6.50    -77.50      0.00   1056.10  48829.00
     0.00      6.50    -77.00      0.00   1401.70  48625.00
     0.00      6.50    -76.50      0.00   1741.70  48363.00
     0.00      6.50    -76.00      0.00   2074.90  48045.00
     0.00      6.50    -75.50      0.00   2399.70  47672.00
     0.00      6.50    -75.00      0.00   2714.90  47246.00
     0.00      6.50    -74.50      0.00   3019.00  46768.00
     0.00      6.50    -74.00      0.00   3310.80  46240.00
     0.00      6.50    -73.50      0.00   3588.90  45665.00
     0.00      6.50    -73.00      0.00   3852.20  45044.00
     0.00      6.50    -72.50      0.00   4099.50  44382.00
     0.00      6.50    -72.00      0.00   4329.90  43679.00
     0.00      6.50    -71.50      0.00   4542.50  42940.00
     0.00      6.50    -71.00      0.00   4736.60  42169.00
     0.00      6.50    -70.50      0.00   4911.60  41367.00
     0.00      6.50    -70.00      0.00   5067.30  40539.00
     0.00      6.50    -69.50      0.00   5203.40  39689.00
     0.00      6.50    -69.00      0.00   5320.00  38819.00
     0.00      7.00    -79.00      0.00      0.00  49464.00
     0.00      7.00    -78.50      0.00    386.03  49433.00
     0.00      7.00    -78.00      0.00    770.58  49343.00
     0.00      7.00    -77.50      0.00   1152.20  49193.00
     0.00      7.00    -77.00      0.00   1529.30  48983.00
     0.00      7.00    -76.50      0.00   1900.40  48715.00
     0.00      7.00    -76.00      0.00   2264.10  48389.00
     0.00      7.00    -75.50      0.00   2618.70  48007.00
     0.00      7.00    -75.00      0.00   2962.80  47570.00
     0.00      7.00    -74.50      0.00   3294.90  47080.00
     0.00      7.00    -74.00      0.00   3613.40  46538.00
     0.00      7.00    -73.50      0.00   3917.00  45948.00
     0.00      7.00    -73.00      0.00   4204.30  45311.00
     0.00      7.00    -72.50      0.00   4473.90  44631.00
     0.00      7.00    -72.00      0.00   4724.90  43911.00
     0.00      7.00    -71.50      0.00   4956.20  43153.00
     0.00      7.00    -71.00      0.00   5167.00  42361.00
     0.00      7.00    -70.50      0.00   5356.80  41539.00
     0.00      7.00    -70.00      0.00   5525.00  40691.00
     0.00      7.00    -69.50      0.00   5671.60  39820.00
     0.00      7.00    -69.00      0.00   5796.50  38930.00


